1569365.228943 0 0 0 0 0 0 1
1569365.228960 0.00287832 -0.00159402 0.00716089 -0.00426278 0.00622954 -0.000368166 0.999971
1569365.228976 0.0033534 0.000834176 0.0193335 -0.00829114 0.0134966 -0.00248212 0.999871
1569365.228993 0.00703011 -0.00172461 0.0214555 -0.00905355 0.0140393 -0.000490689 0.99986
1569365.229010 0.00988004 -0.00177025 0.0234861 -0.0105882 0.0142077 0.00158041 0.999842
1569365.229026 0.0106102 0.00521987 0.0247155 -0.010939 0.0153671 0.00210712 0.99982
1569365.229043 0.0136096 0.00772331 0.0284426 -0.0121429 0.0165699 0.00380578 0.999782
1569365.229060 0.0180212 0.00864197 0.0326933 -0.014288 0.0173934 0.00582733 0.99973
1569365.229076 0.0224653 0.0109004 0.0369938 -0.0165043 0.0175563 0.00778592 0.999679
1569365.229093 0.0275437 0.0150929 0.0418313 -0.0191451 0.0171658 0.0108861 0.99961
1569365.229110 0.0314768 0.0222536 0.0494173 -0.0234683 0.0164708 0.0141441 0.999489
1569365.229126 0.0337087 0.0334189 0.0586266 -0.0283295 0.0160456 0.0169463 0.999326
1569365.229143 0.0338881 0.0470791 0.0671915 -0.0329455 0.0165569 0.0179161 0.999159
1569365.229160 0.0361861 0.0622384 0.0775706 -0.0378451 0.0176582 0.0185276 0.998956
1569365.229176 0.040047 0.0772467 0.0852802 -0.0419938 0.0186125 0.0179444 0.998783
1569365.229193 0.0421 0.0896479 0.0956001 -0.0475404 0.0209922 0.0183919 0.998479
1569365.229210 0.0448655 0.100003 0.106889 -0.0542632 0.0233991 0.0197604 0.998057
1569365.229226 0.0484707 0.109593 0.11731 -0.0612384 0.0252635 0.0214994 0.997572
1569365.229243 0.0505156 0.119327 0.12862 -0.0689913 0.0266491 0.0229554 0.996997
1569365.229260 0.0570766 0.134312 0.137132 -0.078783 0.0282389 0.0234501 0.996216
1569365.229276 0.0607056 0.142116 0.13607 -0.0807816 0.0299341 0.0227795 0.996022
1569365.229293 0.0638748 0.150134 0.135837 -0.0830746 0.0324996 0.0209466 0.995793
1569365.229310 0.0656915 0.156557 0.135254 -0.0854855 0.0359833 0.0187622 0.995513
1569365.229326 0.06552 0.160776 0.136265 -0.0886575 0.0396786 0.0163788 0.995137
1569365.229343 0.067878 0.166628 0.135294 -0.0910013 0.0418629 0.0130266 0.994885
1569365.229360 0.0699319 0.170411 0.132146 -0.091987 0.0443091 0.00970474 0.994727
1569365.229376 0.0695231 0.17096 0.127654 -0.0919189 0.0471192 0.00685442 0.994627
1569365.229393 0.0695169 0.169716 0.11672 -0.0899092 0.0491371 0.00496259 0.994725
1569365.229410 0.0688748 0.171875 0.103914 -0.0879293 0.0509298 0.00407691 0.994816
1569365.229426 0.0689312 0.171577 0.0964099 -0.0887626 0.0526468 0.00431214 0.994651
1569365.229443 0.0689488 0.170041 0.0906409 -0.0902095 0.0543053 0.00527361 0.994427
1569365.229460 0.0699335 0.167212 0.0841975 -0.0904809 0.0560319 0.00698345 0.994296
1569365.229476 0.0732843 0.163296 0.069519 -0.0878333 0.0568327 0.00877486 0.994474
1569365.229493 0.0771639 0.164636 0.0495361 -0.0837444 0.0574546 0.00991812 0.99478
1569365.229510 0.0790513 0.165729 0.0379883 -0.0828791 0.0595092 0.0110096 0.99472
1569365.229526 0.0818984 0.161959 0.0327757 -0.0838704 0.0617715 0.0125509 0.994481
1569365.229543 0.0875062 0.15861 0.0242909 -0.0831027 0.0640749 0.0151323 0.994364
1569365.229560 0.0939268 0.156255 0.0121781 -0.08068 0.0668268 0.0181934 0.994331
1569365.229576 0.102833 0.1551 -0.000399836 -0.0780073 0.0697278 0.021533 0.994278
1569365.229593 0.112756 0.154762 -0.0135391 -0.0751998 0.0732417 0.0241163 0.994183
1569365.229610 0.122697 0.15472 -0.0233258 -0.0744313 0.0781534 0.0272594 0.993785
1569365.229626 0.133278 0.153052 -0.023932 -0.0771983 0.08352 0.0293827 0.993077
1569365.229643 0.144945 0.152838 -0.0296085 -0.0774883 0.0899011 0.0308531 0.992452
1569365.229660 0.155411 0.152266 -0.0340835 -0.0794723 0.097778 0.033272 0.991472
1569365.229676 0.165236 0.150953 -0.0309641 -0.0850766 0.105213 0.0347808 0.990193
1569365.229693 0.178284 0.143349 -0.0276395 -0.0894621 0.110435 0.0366715 0.989169
1569365.229710 0.192715 0.141431 -0.0361426 -0.0867931 0.113781 0.0396293 0.988914
1569365.229726 0.206702 0.14251 -0.0482004 -0.0831382 0.116632 0.0419607 0.988799
1569365.229743 0.220796 0.141686 -0.0578693 -0.0809838 0.118941 0.0442457 0.988604
1569365.229760 0.234105 0.139758 -0.0650067 -0.0799787 0.120568 0.0460609 0.988405
1569365.229776 0.246996 0.136458 -0.0708071 -0.079371 0.121466 0.0479359 0.988255
1569365.229793 0.259848 0.134213 -0.0790663 -0.0772193 0.121149 0.0492254 0.988401
1569365.229810 0.27259 0.130216 -0.0902749 -0.073988 0.11979 0.0494357 0.988803
1569365.229826 0.282926 0.125399 -0.102041 -0.0703329 0.117648 0.0481837 0.989389
1569365.229843 0.29091 0.119423 -0.11356 -0.0666712 0.115058 0.0456293 0.990068
1569365.229860 0.296446 0.111169 -0.124867 -0.0633287 0.112778 0.0414874 0.990732
1569365.229876 0.301029 0.103073 -0.134682 -0.060277 0.111076 0.0370368 0.991291
1569365.229893 0.305682 0.0920621 -0.143535 -0.057404 0.109106 0.0337586 0.991797
1569365.229910 0.309525 0.0804966 -0.155574 -0.0531325 0.106245 0.0302103 0.99246
1569365.229926 0.311867 0.0694364 -0.165687 -0.0494146 0.104304 0.0271918 0.992945
1569365.229943 0.314234 0.0572693 -0.171701 -0.0478115 0.103699 0.0260562 0.993117
1569365.229960 0.318253 0.0452321 -0.178018 -0.0459451 0.102937 0.0263713 0.993276
1569365.229976 0.322296 0.0338974 -0.186435 -0.0426786 0.101674 0.0279199 0.99351
1569365.229993 0.327482 0.0217456 -0.197121 -0.0386899 0.0987868 0.0299972 0.993904
1569365.230010 0.330873 0.0101275 -0.20741 -0.0348351 0.095374 0.0318468 0.994322
1569365.230026 0.331993 -0.000786908 -0.215304 -0.0325062 0.0915494 0.0336761 0.9947
1569365.230043 0.329646 -0.0095419 -0.223495 -0.0301516 0.0877505 0.0343829 0.995092
1569365.230060 0.324653 -0.0154686 -0.232558 -0.0267888 0.0847222 0.0344091 0.99545
1569365.230076 0.318636 -0.0215907 -0.239767 -0.0242771 0.0823773 0.0336355 0.995738
1569365.230093 0.311941 -0.0256922 -0.247089 -0.0220564 0.0807542 0.0319797 0.995977
1569365.230110 0.304355 -0.027981 -0.253422 -0.0200395 0.0806336 0.0292782 0.996112
1569365.230126 0.295318 -0.0306988 -0.25497 -0.0197418 0.081317 0.0265859 0.996138
1569365.230143 0.284777 -0.033933 -0.253257 -0.0208802 0.0812884 0.024503 0.996171
1569365.230160 0.273299 -0.0402963 -0.252045 -0.0218086 0.0792169 0.0225956 0.996363
1569365.230176 0.263633 -0.0444768 -0.258774 -0.0196696 0.0752231 0.0212943 0.996745
1569365.230193 0.24972 -0.0474506 -0.265391 -0.0172226 0.0723414 0.0196773 0.997037
1569365.230210 0.236265 -0.0493505 -0.273792 -0.0137112 0.0702889 0.0178116 0.997273
1569365.230226 0.22572 -0.0525226 -0.284115 -0.0094528 0.0691882 0.0166759 0.997419
1569365.230243 0.21358 -0.0543094 -0.292309 -0.00544464 0.0698317 0.0158172 0.997419
1569365.230260 0.202828 -0.0576476 -0.300118 -0.00156926 0.0712453 0.015384 0.997339
1569365.230276 0.193575 -0.0635801 -0.305651 0.00189556 0.0727505 0.0161309 0.997218
1569365.230293 0.186121 -0.0710491 -0.316629 0.00676875 0.0728788 0.0169453 0.997174
1569365.230310 0.176467 -0.0793338 -0.323749 0.00960888 0.0731222 0.0191797 0.997092
1569365.230326 0.165476 -0.0868607 -0.327045 0.0091867 0.0722783 0.0211939 0.997117
1569365.230343 0.152912 -0.0876775 -0.330448 0.00876583 0.0721301 0.0215392 0.997124
1569365.230360 0.138841 -0.0847118 -0.331217 0.00819565 0.0732337 0.0214048 0.997051
1569365.230376 0.127083 -0.0848549 -0.32516 0.00507086 0.0736477 0.0231813 0.997002
1569365.230393 0.114852 -0.0865718 -0.326475 0.00489249 0.0723303 0.0241588 0.997076
1569365.230410 0.107788 -0.0896233 -0.336996 0.00851708 0.0698339 0.026397 0.997173
1569365.230426 0.0998922 -0.0968283 -0.346424 0.0113749 0.0677527 0.028208 0.997238
1569365.230443 0.0922647 -0.102292 -0.357727 0.0154193 0.0653298 0.0288661 0.997327
1569365.230460 0.0844602 -0.109916 -0.370209 0.0199774 0.0626819 0.0286339 0.997423
1569365.230476 0.0750378 -0.119112 -0.380735 0.0235008 0.060235 0.027309 0.997534
1569365.230493 0.0639849 -0.124748 -0.390946 0.027485 0.0580863 0.024905 0.997622
1569365.230510 0.0573401 -0.130546 -0.402736 0.0319507 0.0551871 0.023907 0.997678
1569365.230526 0.0528426 -0.138083 -0.417711 0.0375958 0.0510736 0.0236989 0.997706
1569365.230543 0.0481903 -0.152303 -0.432221 0.042517 0.0469461 0.024026 0.997703
1569365.230560 0.0426149 -0.165315 -0.446439 0.0477138 0.0427994 0.0237733 0.99766
1569365.230576 0.0321793 -0.176484 -0.459944 0.0531904 0.0403278 0.0214708 0.997539
1569365.230593 0.025473 -0.186363 -0.471951 0.0581913 0.0385804 0.0196572 0.997366
1569365.230610 0.020127 -0.192447 -0.483337 0.0631677 0.0372847 0.0182395 0.997139
